[{"TYPE": "OBJECT", "name": "_autorig_MetaFaceRig", "data": {"TYPE": "ARMATURE", "bones": [{"parent": null, "bbone_curveinx": 0.0, "bbone_curveiny": 0.0, "bbone_curveoutx": 0.0, "bbone_curveouty": 0.0, "bbone_easein": 1.0, "bbone_easeout": 1.0, "bbone_handle_type_end": "AUTO", "bbone_handle_type_start": "AUTO", "bbone_rollin": 0.0, "bbone_rollout": 0.0, "bbone_scaleinx": 1.0, "bbone_scaleiny": 1.0, "bbone_scaleoutx": 1.0, "bbone_scaleouty": 1.0, "bbone_segments": 1, "bbone_x": 0.0040000006556510925, "bbone_z": 0.0040000006556510925, "envelope_distance": 0.006680734921246767, "envelope_weight": 1.0, "head": [0.04096783697605133, -0.018543962389230728, 0.12752585113048553], "head_local": [0.04096783697605133, -0.018543962389230728, 0.12752585113048553], "head_radius": 0.002672296715900302, "hide": false, "hide_select": false, "inherit_scale": "FULL", "length": 0.026722967624664307, "matrix": [[1.0, -1.7763568394002505e-15, 3.3567218338248495e-07], [3.34428023052169e-07, -0.08601900190114975, -0.9962935447692871], [2.8874186597249718e-08, 0.9962935447692871, -0.08601903915405273]], "matrix_local": [[1.0, -1.7763568394002505e-15, 3.3567218338248495e-07, 0.04096783697605133], [3.34428023052169e-07, -0.08601900190114975, -0.9962935447692871, -0.018543962389230728], [2.8874186597249718e-08, 0.9962935447692871, -0.08601903915405273, 0.12752585113048553], [0.0, 0.0, 0.0, 1.0]], "name": "MouthCorner.R", "select": true, "select_head": true, "select_tail": true, "show_wire": true, "tail": [0.04096783697605133, -0.020842645317316055, 0.15414977073669434], "tail_local": [0.04096783697605133, -0.020842645317316055, 0.15414977073669434], "tail_radius": 0.001336148357950151, "use_connect": false, "use_cyclic_offset": true, "use_deform": true, "use_endroll_as_inroll": false, "use_envelope_multiply": false, "use_inherit_rotation": true, "use_inherit_scale": true, "use_local_location": true, "use_relative_parent": false}, {"parent": null, "bbone_curveinx": 0.0, "bbone_curveiny": 0.0, "bbone_curveoutx": 0.0, "bbone_curveouty": 0.0, "bbone_easein": 1.0, "bbone_easeout": 1.0, "bbone_handle_type_end": "AUTO", "bbone_handle_type_start": "AUTO", "bbone_rollin": 0.0, "bbone_rollout": 0.0, "bbone_scaleinx": 1.0, "bbone_scaleiny": 1.0, "bbone_scaleoutx": 1.0, "bbone_scaleouty": 1.0, "bbone_segments": 1, "bbone_x": 0.0040000006556510925, "bbone_z": 0.0040000006556510925, "envelope_distance": 0.007468711119145155, "envelope_weight": 1.0, "head": [0.00038027396658435464, -0.04425809532403946, 0.138608917593956], "head_local": [0.00038027396658435464, -0.04425809532403946, 0.138608917593956], "head_radius": 0.002987487008795142, "hide": false, "hide_select": false, "inherit_scale": "FULL", "length": 0.02987486496567726, "matrix": [[1.0, 0.0, 2.3841853646899835e-07], [2.3544502880668006e-07, -0.1574421375989914, -0.9875282049179077], [3.753712363163686e-08, 0.9875282049179077, -0.15744221210479736]], "matrix_local": [[1.0, 0.0, 2.3841853646899835e-07, 0.00038027396658435464], [2.3544502880668006e-07, -0.1574421375989914, -0.9875282049179077, -0.04425809532403946], [3.753712363163686e-08, 0.9875282049179077, -0.15744221210479736, 0.138608917593956], [0.0, 0.0, 0.0, 1.0]], "name": "MouthUpper", "select": true, "select_head": true, "select_tail": true, "show_wire": true, "tail": [0.00038027396658435464, -0.04896165803074837, 0.168111190199852], "tail_local": [0.00038027396658435464, -0.04896165803074837, 0.168111190199852], "tail_radius": 0.001493743504397571, "use_connect": false, "use_cyclic_offset": true, "use_deform": true, "use_endroll_as_inroll": false, "use_envelope_multiply": false, "use_inherit_rotation": true, "use_inherit_scale": true, "use_local_location": true, "use_relative_parent": false}, {"parent": null, "bbone_curveinx": 0.0, "bbone_curveiny": 0.0, "bbone_curveoutx": 0.0, "bbone_curveouty": 0.0, "bbone_easein": 1.0, "bbone_easeout": 1.0, "bbone_handle_type_end": "AUTO", "bbone_handle_type_start": "AUTO", "bbone_rollin": 0.0, "bbone_rollout": 0.0, "bbone_scaleinx": 1.0, "bbone_scaleiny": 1.0, "bbone_scaleoutx": 1.0, "bbone_scaleouty": 1.0, "bbone_segments": 1, "bbone_x": 0.0040000006556510925, "bbone_z": 0.0040000006556510925, "envelope_distance": 0.006711042486131191, "envelope_weight": 1.0, "head": [0.00038027396658435464, -0.03960488736629486, 0.11508364975452423], "head_local": [0.00038027396658435464, -0.03960488736629486, 0.11508364975452423], "head_radius": 0.0026844197418540716, "hide": false, "hide_select": false, "inherit_scale": "FULL", "length": 0.026844216510653496, "matrix": [[1.0, 0.0, 2.3841892016207566e-07], [2.3646244073916023e-07, -0.12784619629383087, -0.9917940497398376], [3.048094754376507e-08, 0.9917940497398376, -0.12784624099731445]], "matrix_local": [[1.0, 0.0, 2.3841892016207566e-07, 0.00038027396658435464], [2.3646244073916023e-07, -0.12784619629383087, -0.9917940497398376, -0.03960488736629486], [3.048094754376507e-08, 0.9917940497398376, -0.12784624099731445, 0.11508364975452423], [0.0, 0.0, 0.0, 1.0]], "name": "MouthLower", "select": true, "select_head": true, "select_tail": true, "show_wire": true, "tail": [0.00038027396658435464, -0.043036818504333496, 0.14170758426189423], "tail_local": [0.00038027396658435464, -0.043036818504333496, 0.14170758426189423], "tail_radius": 0.0013422098709270358, "use_connect": false, "use_cyclic_offset": true, "use_deform": true, "use_endroll_as_inroll": false, "use_envelope_multiply": false, "use_inherit_rotation": true, "use_inherit_scale": true, "use_local_location": true, "use_relative_parent": false}, {"parent": null, "bbone_curveinx": 0.0, "bbone_curveiny": 0.0, "bbone_curveoutx": 0.0, "bbone_curveouty": 0.0, "bbone_easein": 1.0, "bbone_easeout": 1.0, "bbone_handle_type_end": "AUTO", "bbone_handle_type_start": "AUTO", "bbone_rollin": 0.0, "bbone_rollout": 0.0, "bbone_scaleinx": 1.0, "bbone_scaleiny": 1.0, "bbone_scaleoutx": 1.0, "bbone_scaleouty": 1.0, "bbone_segments": 1, "bbone_x": 0.0040000006556510925, "bbone_z": 0.0040000006556510925, "envelope_distance": 0.005474090110510588, "envelope_weight": 1.0, "head": [2.295681042596698e-06, -0.021571217104792595, 0.0795903205871582], "head_local": [2.295681042596698e-06, -0.021571217104792595, 0.0795903205871582], "head_radius": 0.0021896359976381063, "hide": false, "hide_select": false, "inherit_scale": "FULL", "length": 0.022026896476745605, "matrix": [[0.9883062243461609, 0.10923323035240173, -0.10639019310474396], [-0.09721451997756958, -0.08615579456090927, -0.9915273785591125], [-0.11747385561466217, 0.9902753233909607, -0.07452917844057083]], "matrix_local": [[0.9883062243461609, 0.10923323035240173, -0.10639019310474396, 2.295681042596698e-06], [-0.09721451997756958, -0.08615579456090927, -0.9915273785591125, -0.021571217104792595], [-0.11747385561466217, 0.9902753233909607, -0.07452917844057083, 0.0795903205871582], [0.0, 0.0, 0.0, 1.0]], "name": "Chin", "select": true, "select_head": true, "select_tail": true, "show_wire": true, "tail": [0.002408364787697792, -0.02346896193921566, 0.10140301287174225], "tail_local": [0.002408364787697792, -0.02346896193921566, 0.10140301287174225], "tail_radius": 0.0010948179988190532, "use_connect": false, "use_cyclic_offset": true, "use_deform": true, "use_endroll_as_inroll": false, "use_envelope_multiply": false, "use_inherit_rotation": true, "use_inherit_scale": true, "use_local_location": true, "use_relative_parent": false}, {"parent": null, "bbone_curveinx": 0.0, "bbone_curveiny": 0.0, "bbone_curveoutx": 0.0, "bbone_curveouty": 0.0, "bbone_easein": 1.0, "bbone_easeout": 1.0, "bbone_handle_type_end": "AUTO", "bbone_handle_type_start": "AUTO", "bbone_rollin": 0.0, "bbone_rollout": 0.0, "bbone_scaleinx": 1.0, "bbone_scaleiny": 1.0, "bbone_scaleoutx": 1.0, "bbone_scaleouty": 1.0, "bbone_segments": 1, "bbone_x": 0.0040000006556510925, "bbone_z": 0.0040000006556510925, "envelope_distance": 0.008851087652146816, "envelope_weight": 1.0, "head": [-0.0003755908110179007, -0.046626731753349304, 0.17216940224170685], "head_local": [-0.0003755908110179007, -0.046626731753349304, 0.17216940224170685], "head_radius": 0.003540437901392579, "hide": false, "hide_select": false, "inherit_scale": "FULL", "length": 0.035404399037361145, "matrix": [[1.0, 0.0, 2.384183801495965e-07], [2.3833761986225e-07, 0.026027705520391464, -0.9996611475944519], [-6.205484126553529e-09, 0.9996611475944519, 0.026027798652648926]], "matrix_local": [[1.0, 0.0, 2.384183801495965e-07, -0.0003755908110179007], [2.3833761986225e-07, 0.026027705520391464, -0.9996611475944519, -0.046626731753349304], [-6.205484126553529e-09, 0.9996611475944519, 0.026027798652648926, 0.17216940224170685], [0.0, 0.0, 0.0, 1.0]], "name": "Nose", "select": true, "select_head": true, "select_tail": true, "show_wire": true, "tail": [-0.0003755908110179007, -0.04570523649454117, 0.20756180584430695], "tail_local": [-0.0003755908110179007, -0.04570523649454117, 0.20756180584430695], "tail_radius": 0.0017702189506962895, "use_connect": false, "use_cyclic_offset": true, "use_deform": true, "use_endroll_as_inroll": false, "use_envelope_multiply": false, "use_inherit_rotation": true, "use_inherit_scale": true, "use_local_location": true, "use_relative_parent": false}, {"parent": null, "bbone_curveinx": 0.0, "bbone_curveiny": 0.0, "bbone_curveoutx": 0.0, "bbone_curveouty": 0.0, "bbone_easein": 1.0, "bbone_easeout": 1.0, "bbone_handle_type_end": "AUTO", "bbone_handle_type_start": "AUTO", "bbone_rollin": 0.0, "bbone_rollout": 0.0, "bbone_scaleinx": 1.0, "bbone_scaleiny": 1.0, "bbone_scaleoutx": 1.0, "bbone_scaleouty": 1.0, "bbone_segments": 1, "bbone_x": 0.0040000006556510925, "bbone_z": 0.0040000006556510925, "envelope_distance": 0.007229539565742016, "envelope_weight": 1.0, "head": [0.021973511204123497, -0.003084999043494463, 0.20033468306064606], "head_local": [0.021973511204123497, -0.003084999043494463, 0.20033468306064606], "head_radius": 0.002891815034672618, "hide": false, "hide_select": false, "inherit_scale": "FULL", "length": 0.028918197378516197, "matrix": [[0.9914780259132385, 0.12994274497032166, -0.009292472153902054], [0.05709260329604149, -0.49752160906791687, -0.8655707240104675], [-0.11709783971309662, 0.8576637506484985, -0.5007005333900452]], "matrix_local": [[0.9914780259132385, 0.12994274497032166, -0.009292472153902054, 0.021973511204123497], [0.05709260329604149, -0.49752160906791687, -0.8655707240104675, -0.003084999043494463], [-0.11709783971309662, 0.8576637506484985, -0.5007005333900452, 0.20033468306064606], [0.0, 0.0, 0.0, 1.0]], "name": "LidLeft.R", "select": true, "select_head": true, "select_tail": true, "show_wire": true, "tail": [0.025731220841407776, -0.01747242733836174, 0.22513677179813385], "tail_local": [0.025731220841407776, -0.01747242733836174, 0.22513677179813385], "tail_radius": 0.001445907517336309, "use_connect": false, "use_cyclic_offset": true, "use_deform": true, "use_endroll_as_inroll": false, "use_envelope_multiply": false, "use_inherit_rotation": true, "use_inherit_scale": true, "use_local_location": true, "use_relative_parent": false}, {"parent": null, "bbone_curveinx": 0.0, "bbone_curveiny": 0.0, "bbone_curveoutx": 0.0, "bbone_curveouty": 0.0, "bbone_easein": 1.0, "bbone_easeout": 1.0, "bbone_handle_type_end": "AUTO", "bbone_handle_type_start": "AUTO", "bbone_rollin": 0.0, "bbone_rollout": 0.0, "bbone_scaleinx": 1.0, "bbone_scaleiny": 1.0, "bbone_scaleoutx": 1.0, "bbone_scaleouty": 1.0, "bbone_segments": 1, "bbone_x": 0.0040000006556510925, "bbone_z": 0.0040000006556510925, "envelope_distance": 0.006727156694978476, "envelope_weight": 1.0, "head": [0.0830344706773758, 0.00870475359261036, 0.205829456448555], "head_local": [0.0830344706773758, 0.00870475359261036, 0.205829456448555], "head_radius": 0.0026908644940704107, "hide": false, "hide_select": false, "inherit_scale": "FULL", "length": 0.026908712461590767, "matrix": [[1.0, 0.0, 4.768374424202193e-07], [4.7178517093016126e-07, -0.14518386125564575, -0.9894047379493713], [6.922909534523569e-08, 0.9894047379493713, -0.14518392086029053]], "matrix_local": [[1.0, 0.0, 4.768374424202193e-07, 0.0830344706773758], [4.7178517093016126e-07, -0.14518386125564575, -0.9894047379493713, 0.00870475359261036], [6.922909534523569e-08, 0.9894047379493713, -0.14518392086029053, 0.205829456448555], [0.0, 0.0, 0.0, 1.0]], "name": "LidRight.R", "select": true, "select_head": true, "select_tail": true, "show_wire": true, "tail": [0.0830344706773758, 0.004798043053597212, 0.23245306313037872], "tail_local": [0.0830344706773758, 0.004798043053597212, 0.23245306313037872], "tail_radius": 0.0013454322470352054, "use_connect": false, "use_cyclic_offset": true, "use_deform": true, "use_endroll_as_inroll": false, "use_envelope_multiply": false, "use_inherit_rotation": true, "use_inherit_scale": true, "use_local_location": true, "use_relative_parent": false}, {"parent": null, "bbone_curveinx": 0.0, "bbone_curveiny": 0.0, "bbone_curveoutx": 0.0, "bbone_curveouty": 0.0, "bbone_easein": 1.0, "bbone_easeout": 1.0, "bbone_handle_type_end": "AUTO", "bbone_handle_type_start": "AUTO", "bbone_rollin": 0.0, "bbone_rollout": 0.0, "bbone_scaleinx": 1.0, "bbone_scaleiny": 1.0, "bbone_scaleoutx": 1.0, "bbone_scaleouty": 1.0, "bbone_segments": 1, "bbone_x": 0.0040000006556510925, "bbone_z": 0.0040000006556510925, "envelope_distance": 0.006660492159426212, "envelope_weight": 1.0, "head": [0.051515303552150726, -0.003045029938220978, 0.18642133474349976], "head_local": [0.051515303552150726, -0.003045029938220978, 0.18642133474349976], "head_radius": 0.002664199797436595, "hide": false, "hide_select": false, "inherit_scale": "FULL", "length": 0.026642050594091415, "matrix": [[1.0, 0.0, 4.768374992636382e-07], [4.7650740953031345e-07, 0.037202443927526474, -0.9993077516555786], [-1.7739520075110704e-08, 0.9993077516555786, 0.03720247745513916]], "matrix_local": [[1.0, 0.0, 4.768374992636382e-07, 0.051515303552150726], [4.7650740953031345e-07, 0.037202443927526474, -0.9993077516555786, -0.003045029938220978], [-1.7739520075110704e-08, 0.9993077516555786, 0.03720247745513916, 0.18642133474349976], [0.0, 0.0, 0.0, 1.0]], "name": "LidBottom.R", "select": true, "select_head": true, "select_tail": true, "show_wire": true, "tail": [0.051515303552150726, -0.002053880598396063, 0.2130449414253235], "tail_local": [0.051515303552150726, -0.002053880598396063, 0.2130449414253235], "tail_radius": 0.0013320998987182975, "use_connect": false, "use_cyclic_offset": true, "use_deform": true, "use_endroll_as_inroll": false, "use_envelope_multiply": false, "use_inherit_rotation": true, "use_inherit_scale": true, "use_local_location": true, "use_relative_parent": false}, {"parent": null, "bbone_curveinx": 0.0, "bbone_curveiny": 0.0, "bbone_curveoutx": 0.0, "bbone_curveouty": 0.0, "bbone_easein": 1.0, "bbone_easeout": 1.0, "bbone_handle_type_end": "AUTO", "bbone_handle_type_start": "AUTO", "bbone_rollin": 0.0, "bbone_rollout": 0.0, "bbone_scaleinx": 1.0, "bbone_scaleiny": 1.0, "bbone_scaleoutx": 1.0, "bbone_scaleouty": 1.0, "bbone_segments": 1, "bbone_x": 0.0040000006556510925, "bbone_z": 0.0040000006556510925, "envelope_distance": 0.007379594258964062, "envelope_weight": 1.0, "head": [0.05249837413430214, -0.004856615327298641, 0.21914039552211761], "head_local": [0.05249837413430214, -0.004856615327298641, 0.21914039552211761], "head_radius": 0.0029518434312194586, "hide": false, "hide_select": false, "inherit_scale": "FULL", "length": 0.029518447816371918, "matrix": [[0.9999960660934448, 0.0027865427546203136, 0.00012374889047350734], [0.0008262339979410172, -0.253549188375473, -0.9673221707344055], [-0.0026641078293323517, 0.9673184156417847, -0.2535504400730133]], "matrix_local": [[0.9999960660934448, 0.0027865427546203136, 0.00012374889047350734, 0.05249837413430214], [0.0008262339979410172, -0.253549188375473, -0.9673221707344055, -0.004856615327298641], [-0.0026641078293323517, 0.9673184156417847, -0.2535504400730133, 0.21914039552211761], [0.0, 0.0, 0.0, 1.0]], "name": "LidTop.R", "select": true, "select_head": true, "select_tail": true, "show_wire": true, "tail": [0.05258062854409218, -0.012340993620455265, 0.24769413471221924], "tail_local": [0.05258062854409218, -0.012340993620455265, 0.24769413471221924], "tail_radius": 0.0014759217156097293, "use_connect": false, "use_cyclic_offset": true, "use_deform": true, "use_endroll_as_inroll": false, "use_envelope_multiply": false, "use_inherit_rotation": true, "use_inherit_scale": true, "use_local_location": true, "use_relative_parent": false}, {"parent": null, "bbone_curveinx": 0.0, "bbone_curveiny": 0.0, "bbone_curveoutx": 0.0, "bbone_curveouty": 0.0, "bbone_easein": 1.0, "bbone_easeout": 1.0, "bbone_handle_type_end": "AUTO", "bbone_handle_type_start": "AUTO", "bbone_rollin": 0.0, "bbone_rollout": 0.0, "bbone_scaleinx": 1.0, "bbone_scaleiny": 1.0, "bbone_scaleoutx": 1.0, "bbone_scaleouty": 1.0, "bbone_segments": 1, "bbone_x": 0.0040000006556510925, "bbone_z": 0.0040000006556510925, "envelope_distance": 0.0068552508018910885, "envelope_weight": 1.0, "head": [0.019012130796909332, -0.015842273831367493, 0.23233874142169952], "head_local": [0.019012130796909332, -0.015842273831367493, 0.23233874142169952], "head_radius": 0.002742103300988674, "hide": false, "hide_select": false, "inherit_scale": "FULL", "length": 0.02742108888924122, "matrix": [[0.9999994039535522, -0.0010917303152382374, -1.408057869412005e-06], [0.00027816835790872574, 0.2560425400733948, -0.9666654467582703], [0.001055698492564261, 0.9666649103164673, 0.25604262948036194]], "matrix_local": [[0.9999994039535522, -0.0010917303152382374, -1.408057869412005e-06, 0.019012130796909332], [0.00027816835790872574, 0.2560425400733948, -0.9666654467582703, -0.015842273831367493], [0.001055698492564261, 0.9666649103164673, 0.25604262948036194, 0.23233874142169952], [0.0, 0.0, 0.0, 1.0]], "name": "BrowLeft.R", "select": true, "select_head": true, "select_tail": true, "show_wire": true, "tail": [0.018982194364070892, -0.008821308612823486, 0.2588457465171814], "tail_local": [0.018982194364070892, -0.008821308612823486, 0.2588457465171814], "tail_radius": 0.001371051650494337, "use_connect": false, "use_cyclic_offset": true, "use_deform": true, "use_endroll_as_inroll": false, "use_envelope_multiply": false, "use_inherit_rotation": true, "use_inherit_scale": true, "use_local_location": true, "use_relative_parent": false}, {"parent": null, "bbone_curveinx": 0.0, "bbone_curveiny": 0.0, "bbone_curveoutx": 0.0, "bbone_curveouty": 0.0, "bbone_easein": 1.0, "bbone_easeout": 1.0, "bbone_handle_type_end": "AUTO", "bbone_handle_type_start": "AUTO", "bbone_rollin": 0.0, "bbone_rollout": 0.0, "bbone_scaleinx": 1.0, "bbone_scaleiny": 1.0, "bbone_scaleoutx": 1.0, "bbone_scaleouty": 1.0, "bbone_segments": 1, "bbone_x": 0.0040000006556510925, "bbone_z": 0.0040000006556510925, "envelope_distance": 0.00871432013809681, "envelope_weight": 1.0, "head": [0.08726786077022552, 0.0017039179801940918, 0.22686944901943207], "head_local": [0.08726786077022552, 0.0017039179801940918, 0.22686944901943207], "head_radius": 0.0034857343416661024, "hide": false, "hide_select": false, "inherit_scale": "FULL", "length": 0.03485741466283798, "matrix": [[0.9946957230567932, -0.09702888131141663, -0.03414391726255417], [0.030012929812073708, 0.5912745594978333, -0.805911660194397], [0.09838514029979706, 0.8006120920181274, 0.5910504460334778]], "matrix_local": [[0.9946957230567932, -0.09702888131141663, -0.03414391726255417, 0.08726786077022552], [0.030012929812073708, 0.5912745594978333, -0.805911660194397, 0.0017039179801940918], [0.09838514029979706, 0.8006120920181274, 0.5910504460334778, 0.22686944901943207], [0.0, 0.0, 0.0, 1.0]], "name": "BrowRight.R", "select": true, "select_head": true, "select_tail": true, "show_wire": true, "tail": [0.08388568460941315, 0.022314220666885376, 0.2547767162322998], "tail_local": [0.08388568460941315, 0.022314220666885376, 0.2547767162322998], "tail_radius": 0.0017428671708330512, "use_connect": false, "use_cyclic_offset": true, "use_deform": true, "use_endroll_as_inroll": false, "use_envelope_multiply": false, "use_inherit_rotation": true, "use_inherit_scale": true, "use_local_location": true, "use_relative_parent": false}, {"parent": null, "bbone_curveinx": -0.0, "bbone_curveiny": 0.0, "bbone_curveoutx": -0.0, "bbone_curveouty": 0.0, "bbone_easein": 1.0, "bbone_easeout": 1.0, "bbone_handle_type_end": "AUTO", "bbone_handle_type_start": "AUTO", "bbone_rollin": -0.0, "bbone_rollout": -0.0, "bbone_scaleinx": 1.0, "bbone_scaleiny": 1.0, "bbone_scaleoutx": 1.0, "bbone_scaleouty": 1.0, "bbone_segments": 1, "bbone_x": 0.0040000006556510925, "bbone_z": 0.0040000006556510925, "envelope_distance": 0.010037322528660297, "envelope_weight": 1.0, "head": [-0.025389544665813446, -0.0023940205574035645, 0.27211281657218933], "head_local": [-0.025389544665813446, -0.0023940205574035645, 0.27211281657218933], "head_radius": 0.0040149325504899025, "hide": false, "hide_select": false, "inherit_scale": "FULL", "length": 0.040149372071027756, "matrix": [[0.9999236464500427, -0.011933965608477592, -0.0032003968954086304], [0.006046196445822716, 0.69850093126297, -0.7155836820602417], [0.010775230824947357, 0.7155096530914307, 0.6985197067260742]], "matrix_local": [[0.9999236464500427, -0.011933965608477592, -0.0032003968954086304, -0.025389544665813446], [0.006046196445822716, 0.69850093126297, -0.7155836820602417, -0.0023940205574035645], [0.010775230824947357, 0.7155096530914307, 0.6985197067260742, 0.27211281657218933], [0.0, 0.0, 0.0, 1.0]], "name": "Forehead.L", "select": true, "select_head": true, "select_tail": true, "show_wire": true, "tail": [-0.02586868591606617, 0.025650352239608765, 0.3008400797843933], "tail_local": [-0.02586868591606617, 0.025650352239608765, 0.3008400797843933], "tail_radius": 0.0020074662752449512, "use_connect": false, "use_cyclic_offset": true, "use_deform": true, "use_endroll_as_inroll": false, "use_envelope_multiply": false, "use_inherit_rotation": true, "use_inherit_scale": true, "use_local_location": true, "use_relative_parent": false}, {"parent": null, "bbone_curveinx": 0.0, "bbone_curveiny": 0.0, "bbone_curveoutx": 0.0, "bbone_curveouty": 0.0, "bbone_easein": 1.0, "bbone_easeout": 1.0, "bbone_handle_type_end": "AUTO", "bbone_handle_type_start": "AUTO", "bbone_rollin": 0.0, "bbone_rollout": 0.0, "bbone_scaleinx": 1.0, "bbone_scaleiny": 1.0, "bbone_scaleoutx": 1.0, "bbone_scaleouty": 1.0, "bbone_segments": 1, "bbone_x": 0.0040000006556510925, "bbone_z": 0.0040000006556510925, "envelope_distance": 0.008157354779541492, "envelope_weight": 1.0, "head": [0.06331658363342285, 0.014065315946936607, 0.1094183474779129], "head_local": [0.06331658363342285, 0.014065315946936607, 0.1094183474779129], "head_radius": 0.003262946614995599, "hide": false, "hide_select": false, "inherit_scale": "FULL", "length": 0.03262950852513313, "matrix": [[0.9326106309890747, 0.36087384819984436, 0.002744847908616066], [0.13702887296676636, -0.34706854820251465, -0.9277750849723816], [-0.33385708928108215, 0.8656289577484131, -0.3731299638748169]], "matrix_local": [[0.9326106309890747, 0.36087384819984436, 0.002744847908616066, 0.06331658363342285], [0.13702887296676636, -0.34706854820251465, -0.9277750849723816, 0.014065315946936607], [-0.33385708928108215, 0.8656289577484131, -0.3731299638748169, 0.1094183474779129], [0.0, 0.0, 0.0, 1.0]], "name": "Jawline.R", "select": true, "select_head": true, "select_tail": true, "show_wire": true, "tail": [0.07509171962738037, 0.0027406401932239532, 0.13766339421272278], "tail_local": [0.07509171962738037, 0.0027406401932239532, 0.13766339421272278], "tail_radius": 0.0016314733074977994, "use_connect": false, "use_cyclic_offset": true, "use_deform": true, "use_endroll_as_inroll": false, "use_envelope_multiply": false, "use_inherit_rotation": true, "use_inherit_scale": true, "use_local_location": true, "use_relative_parent": false}, {"parent": null, "bbone_curveinx": 0.0, "bbone_curveiny": 0.0, "bbone_curveoutx": 0.0, "bbone_curveouty": 0.0, "bbone_easein": 1.0, "bbone_easeout": 1.0, "bbone_handle_type_end": "AUTO", "bbone_handle_type_start": "AUTO", "bbone_rollin": 0.0, "bbone_rollout": 0.0, "bbone_scaleinx": 1.0, "bbone_scaleiny": 1.0, "bbone_scaleoutx": 1.0, "bbone_scaleouty": 1.0, "bbone_segments": 1, "bbone_x": 0.0040000006556510925, "bbone_z": 0.0040000006556510925, "envelope_distance": 0.010318421758711338, "envelope_weight": 1.0, "head": [0.10237481445074081, 0.042676616460084915, 0.17329935729503632], "head_local": [0.10237481445074081, 0.042676616460084915, 0.17329935729503632], "head_radius": 0.004127383232116699, "hide": false, "hide_select": false, "inherit_scale": "FULL", "length": 0.041273873299360275, "matrix": [[0.9864070415496826, 0.14237937331199646, 0.08203233778476715], [0.07847505807876587, 0.030431868508458138, -0.9964515566825867], [-0.14437052607536316, 0.9893442392349243, 0.018844952806830406]], "matrix_local": [[0.9864070415496826, 0.14237937331199646, 0.08203233778476715, 0.10237481445074081], [0.07847505807876587, 0.030431868508458138, -0.9964515566825867, 0.042676616460084915], [-0.14437052607536316, 0.9893442392349243, 0.018844952806830406, 0.17329935729503632], [0.0, 0.0, 0.0, 1.0]], "name": "Ear.R", "select": true, "select_head": true, "select_tail": true, "show_wire": true, "tail": [0.10825136303901672, 0.043932657688856125, 0.21413342654705048], "tail_local": [0.10825136303901672, 0.043932657688856125, 0.21413342654705048], "tail_radius": 0.0020636916160583496, "use_connect": false, "use_cyclic_offset": true, "use_deform": true, "use_endroll_as_inroll": false, "use_envelope_multiply": false, "use_inherit_rotation": true, "use_inherit_scale": true, "use_local_location": true, "use_relative_parent": false}, {"parent": null, "bbone_curveinx": 0.0, "bbone_curveiny": 0.0, "bbone_curveoutx": 0.0, "bbone_curveouty": 0.0, "bbone_easein": 1.0, "bbone_easeout": 1.0, "bbone_handle_type_end": "AUTO", "bbone_handle_type_start": "AUTO", "bbone_rollin": 0.0, "bbone_rollout": 0.0, "bbone_scaleinx": 1.0, "bbone_scaleiny": 1.0, "bbone_scaleoutx": 1.0, "bbone_scaleouty": 1.0, "bbone_segments": 1, "bbone_x": 0.0040000006556510925, "bbone_z": 0.0040000006556510925, "envelope_distance": 0.007122943643480539, "envelope_weight": 1.0, "head": [0.08233153820037842, 0.04423213005065918, 0.12691587209701538], "head_local": [0.08233153820037842, 0.04423213005065918, 0.12691587209701538], "head_radius": 0.0028491769917309284, "hide": false, "hide_select": false, "inherit_scale": "FULL", "length": 0.02849178947508335, "matrix": [[0.8928521871566772, 0.4460078775882721, -0.062385547906160355], [0.12990690767765045, -0.38770556449890137, -0.9125834703445435], [-0.43120670318603516, 0.8066979050636292, -0.40410345792770386]], "matrix_local": [[0.8928521871566772, 0.4460078775882721, -0.062385547906160355, 0.08233153820037842], [0.12990690767765045, -0.38770556449890137, -0.9125834703445435, 0.04423213005065918], [-0.43120670318603516, 0.8066979050636292, -0.40410345792770386, 0.12691587209701538], [0.0, 0.0, 0.0, 1.0]], "name": "JawHinge.R", "select": true, "select_head": true, "select_tail": true, "show_wire": true, "tail": [0.09503909945487976, 0.03318570554256439, 0.1499001383781433], "tail_local": [0.09503909945487976, 0.03318570554256439, 0.1499001383781433], "tail_radius": 0.0014245884958654642, "use_connect": false, "use_cyclic_offset": true, "use_deform": true, "use_endroll_as_inroll": false, "use_envelope_multiply": false, "use_inherit_rotation": true, "use_inherit_scale": true, "use_local_location": true, "use_relative_parent": false}, {"parent": null, "bbone_curveinx": -0.0, "bbone_curveiny": 0.0, "bbone_curveoutx": -0.0, "bbone_curveouty": 0.0, "bbone_easein": 1.0, "bbone_easeout": 1.0, "bbone_handle_type_end": "AUTO", "bbone_handle_type_start": "AUTO", "bbone_rollin": -0.0, "bbone_rollout": -0.0, "bbone_scaleinx": 1.0, "bbone_scaleiny": 1.0, "bbone_scaleoutx": 1.0, "bbone_scaleouty": 1.0, "bbone_segments": 1, "bbone_x": 0.0040000006556510925, "bbone_z": 0.0040000006556510925, "envelope_distance": 0.006680734921246767, "envelope_weight": 1.0, "head": [-0.040963247418403625, -0.018543962389230728, 0.12752585113048553], "head_local": [-0.040963247418403625, -0.018543962389230728, 0.12752585113048553], "head_radius": 0.002672296715900302, "hide": false, "hide_select": false, "inherit_scale": "FULL", "length": 0.026722967624664307, "matrix": [[1.0, 1.7763568394002505e-15, -3.3567218338248495e-07], [-3.34428023052169e-07, -0.08601900190114975, -0.9962935447692871], [-2.8874186597249718e-08, 0.9962935447692871, -0.08601903915405273]], "matrix_local": [[1.0, 1.7763568394002505e-15, -3.3567218338248495e-07, -0.040963247418403625], [-3.34428023052169e-07, -0.08601900190114975, -0.9962935447692871, -0.018543962389230728], [-2.8874186597249718e-08, 0.9962935447692871, -0.08601903915405273, 0.12752585113048553], [0.0, 0.0, 0.0, 1.0]], "name": "MouthCorner.L", "select": true, "select_head": true, "select_tail": true, "show_wire": true, "tail": [-0.040963247418403625, -0.020842645317316055, 0.15414977073669434], "tail_local": [-0.040963247418403625, -0.020842645317316055, 0.15414977073669434], "tail_radius": 0.001336148357950151, "use_connect": false, "use_cyclic_offset": true, "use_deform": true, "use_endroll_as_inroll": false, "use_envelope_multiply": false, "use_inherit_rotation": true, "use_inherit_scale": true, "use_local_location": true, "use_relative_parent": false}, {"parent": null, "bbone_curveinx": -0.0, "bbone_curveiny": 0.0, "bbone_curveoutx": -0.0, "bbone_curveouty": 0.0, "bbone_easein": 1.0, "bbone_easeout": 1.0, "bbone_handle_type_end": "AUTO", "bbone_handle_type_start": "AUTO", "bbone_rollin": -0.0, "bbone_rollout": -0.0, "bbone_scaleinx": 1.0, "bbone_scaleiny": 1.0, "bbone_scaleoutx": 1.0, "bbone_scaleouty": 1.0, "bbone_segments": 1, "bbone_x": 0.0040000006556510925, "bbone_z": 0.0040000006556510925, "envelope_distance": 0.007229539565742016, "envelope_weight": 1.0, "head": [-0.021968921646475792, -0.003084999043494463, 0.20033468306064606], "head_local": [-0.021968921646475792, -0.003084999043494463, 0.20033468306064606], "head_radius": 0.002891815034672618, "hide": false, "hide_select": false, "inherit_scale": "FULL", "length": 0.028918197378516197, "matrix": [[0.9914780259132385, -0.12994274497032166, 0.009292472153902054], [-0.05709260329604149, -0.49752160906791687, -0.8655707240104675], [0.11709783971309662, 0.8576637506484985, -0.5007005333900452]], "matrix_local": [[0.9914780259132385, -0.12994274497032166, 0.009292472153902054, -0.021968921646475792], [-0.05709260329604149, -0.49752160906791687, -0.8655707240104675, -0.003084999043494463], [0.11709783971309662, 0.8576637506484985, -0.5007005333900452, 0.20033468306064606], [0.0, 0.0, 0.0, 1.0]], "name": "LidLeft.L", "select": true, "select_head": true, "select_tail": true, "show_wire": true, "tail": [-0.02572663128376007, -0.01747242733836174, 0.22513677179813385], "tail_local": [-0.02572663128376007, -0.01747242733836174, 0.22513677179813385], "tail_radius": 0.001445907517336309, "use_connect": false, "use_cyclic_offset": true, "use_deform": true, "use_endroll_as_inroll": false, "use_envelope_multiply": false, "use_inherit_rotation": true, "use_inherit_scale": true, "use_local_location": true, "use_relative_parent": false}, {"parent": null, "bbone_curveinx": -0.0, "bbone_curveiny": 0.0, "bbone_curveoutx": -0.0, "bbone_curveouty": 0.0, "bbone_easein": 1.0, "bbone_easeout": 1.0, "bbone_handle_type_end": "AUTO", "bbone_handle_type_start": "AUTO", "bbone_rollin": -0.0, "bbone_rollout": -0.0, "bbone_scaleinx": 1.0, "bbone_scaleiny": 1.0, "bbone_scaleoutx": 1.0, "bbone_scaleouty": 1.0, "bbone_segments": 1, "bbone_x": 0.0040000006556510925, "bbone_z": 0.0040000006556510925, "envelope_distance": 0.006727156694978476, "envelope_weight": 1.0, "head": [-0.08302988111972809, 0.00870475359261036, 0.205829456448555], "head_local": [-0.08302988111972809, 0.00870475359261036, 0.205829456448555], "head_radius": 0.0026908644940704107, "hide": false, "hide_select": false, "inherit_scale": "FULL", "length": 0.026908712461590767, "matrix": [[1.0, 0.0, -4.768374424202193e-07], [-4.7178517093016126e-07, -0.14518386125564575, -0.9894047379493713], [-6.922909534523569e-08, 0.9894047379493713, -0.14518392086029053]], "matrix_local": [[1.0, 0.0, -4.768374424202193e-07, -0.08302988111972809], [-4.7178517093016126e-07, -0.14518386125564575, -0.9894047379493713, 0.00870475359261036], [-6.922909534523569e-08, 0.9894047379493713, -0.14518392086029053, 0.205829456448555], [0.0, 0.0, 0.0, 1.0]], "name": "LidRight.L", "select": true, "select_head": true, "select_tail": true, "show_wire": true, "tail": [-0.08302988111972809, 0.004798043053597212, 0.23245306313037872], "tail_local": [-0.08302988111972809, 0.004798043053597212, 0.23245306313037872], "tail_radius": 0.0013454322470352054, "use_connect": false, "use_cyclic_offset": true, "use_deform": true, "use_endroll_as_inroll": false, "use_envelope_multiply": false, "use_inherit_rotation": true, "use_inherit_scale": true, "use_local_location": true, "use_relative_parent": false}, {"parent": null, "bbone_curveinx": -0.0, "bbone_curveiny": 0.0, "bbone_curveoutx": -0.0, "bbone_curveouty": 0.0, "bbone_easein": 1.0, "bbone_easeout": 1.0, "bbone_handle_type_end": "AUTO", "bbone_handle_type_start": "AUTO", "bbone_rollin": -0.0, "bbone_rollout": -0.0, "bbone_scaleinx": 1.0, "bbone_scaleiny": 1.0, "bbone_scaleoutx": 1.0, "bbone_scaleouty": 1.0, "bbone_segments": 1, "bbone_x": 0.0040000006556510925, "bbone_z": 0.0040000006556510925, "envelope_distance": 0.006660492159426212, "envelope_weight": 1.0, "head": [-0.05151071399450302, -0.003045029938220978, 0.18642133474349976], "head_local": [-0.05151071399450302, -0.003045029938220978, 0.18642133474349976], "head_radius": 0.002664199797436595, "hide": false, "hide_select": false, "inherit_scale": "FULL", "length": 0.026642050594091415, "matrix": [[1.0, 0.0, -4.768374992636382e-07], [-4.7650740953031345e-07, 0.037202443927526474, -0.9993077516555786], [1.7739520075110704e-08, 0.9993077516555786, 0.03720247745513916]], "matrix_local": [[1.0, 0.0, -4.768374992636382e-07, -0.05151071399450302], [-4.7650740953031345e-07, 0.037202443927526474, -0.9993077516555786, -0.003045029938220978], [1.7739520075110704e-08, 0.9993077516555786, 0.03720247745513916, 0.18642133474349976], [0.0, 0.0, 0.0, 1.0]], "name": "LidBottom.L", "select": true, "select_head": true, "select_tail": true, "show_wire": true, "tail": [-0.05151071399450302, -0.002053880598396063, 0.2130449414253235], "tail_local": [-0.05151071399450302, -0.002053880598396063, 0.2130449414253235], "tail_radius": 0.0013320998987182975, "use_connect": false, "use_cyclic_offset": true, "use_deform": true, "use_endroll_as_inroll": false, "use_envelope_multiply": false, "use_inherit_rotation": true, "use_inherit_scale": true, "use_local_location": true, "use_relative_parent": false}, {"parent": null, "bbone_curveinx": -0.0, "bbone_curveiny": 0.0, "bbone_curveoutx": -0.0, "bbone_curveouty": 0.0, "bbone_easein": 1.0, "bbone_easeout": 1.0, "bbone_handle_type_end": "AUTO", "bbone_handle_type_start": "AUTO", "bbone_rollin": -0.0, "bbone_rollout": -0.0, "bbone_scaleinx": 1.0, "bbone_scaleiny": 1.0, "bbone_scaleoutx": 1.0, "bbone_scaleouty": 1.0, "bbone_segments": 1, "bbone_x": 0.0040000006556510925, "bbone_z": 0.0040000006556510925, "envelope_distance": 0.007379594258964062, "envelope_weight": 1.0, "head": [-0.052493784576654434, -0.004856615327298641, 0.21914039552211761], "head_local": [-0.052493784576654434, -0.004856615327298641, 0.21914039552211761], "head_radius": 0.0029518434312194586, "hide": false, "hide_select": false, "inherit_scale": "FULL", "length": 0.029518447816371918, "matrix": [[0.9999960660934448, -0.0027865427546203136, -0.00012374889047350734], [-0.0008262339979410172, -0.253549188375473, -0.9673221707344055], [0.0026641078293323517, 0.9673184156417847, -0.2535504400730133]], "matrix_local": [[0.9999960660934448, -0.0027865427546203136, -0.00012374889047350734, -0.052493784576654434], [-0.0008262339979410172, -0.253549188375473, -0.9673221707344055, -0.004856615327298641], [0.0026641078293323517, 0.9673184156417847, -0.2535504400730133, 0.21914039552211761], [0.0, 0.0, 0.0, 1.0]], "name": "LidTop.L", "select": true, "select_head": true, "select_tail": true, "show_wire": true, "tail": [-0.05257603898644447, -0.012340993620455265, 0.24769413471221924], "tail_local": [-0.05257603898644447, -0.012340993620455265, 0.24769413471221924], "tail_radius": 0.0014759217156097293, "use_connect": false, "use_cyclic_offset": true, "use_deform": true, "use_endroll_as_inroll": false, "use_envelope_multiply": false, "use_inherit_rotation": true, "use_inherit_scale": true, "use_local_location": true, "use_relative_parent": false}, {"parent": null, "bbone_curveinx": -0.0, "bbone_curveiny": 0.0, "bbone_curveoutx": -0.0, "bbone_curveouty": 0.0, "bbone_easein": 1.0, "bbone_easeout": 1.0, "bbone_handle_type_end": "AUTO", "bbone_handle_type_start": "AUTO", "bbone_rollin": -0.0, "bbone_rollout": -0.0, "bbone_scaleinx": 1.0, "bbone_scaleiny": 1.0, "bbone_scaleoutx": 1.0, "bbone_scaleouty": 1.0, "bbone_segments": 1, "bbone_x": 0.0040000006556510925, "bbone_z": 0.0040000006556510925, "envelope_distance": 0.0068552508018910885, "envelope_weight": 1.0, "head": [-0.019007541239261627, -0.015842273831367493, 0.23233874142169952], "head_local": [-0.019007541239261627, -0.015842273831367493, 0.23233874142169952], "head_radius": 0.002742103300988674, "hide": false, "hide_select": false, "inherit_scale": "FULL", "length": 0.02742108888924122, "matrix": [[0.9999994039535522, 0.0010917303152382374, 1.408057869412005e-06], [-0.00027816835790872574, 0.2560425400733948, -0.9666654467582703], [-0.001055698492564261, 0.9666649103164673, 0.25604262948036194]], "matrix_local": [[0.9999994039535522, 0.0010917303152382374, 1.408057869412005e-06, -0.019007541239261627], [-0.00027816835790872574, 0.2560425400733948, -0.9666654467582703, -0.015842273831367493], [-0.001055698492564261, 0.9666649103164673, 0.25604262948036194, 0.23233874142169952], [0.0, 0.0, 0.0, 1.0]], "name": "BrowLeft.L", "select": true, "select_head": true, "select_tail": true, "show_wire": true, "tail": [-0.018977604806423187, -0.008821308612823486, 0.2588457465171814], "tail_local": [-0.018977604806423187, -0.008821308612823486, 0.2588457465171814], "tail_radius": 0.001371051650494337, "use_connect": false, "use_cyclic_offset": true, "use_deform": true, "use_endroll_as_inroll": false, "use_envelope_multiply": false, "use_inherit_rotation": true, "use_inherit_scale": true, "use_local_location": true, "use_relative_parent": false}, {"parent": null, "bbone_curveinx": -0.0, "bbone_curveiny": 0.0, "bbone_curveoutx": -0.0, "bbone_curveouty": 0.0, "bbone_easein": 1.0, "bbone_easeout": 1.0, "bbone_handle_type_end": "AUTO", "bbone_handle_type_start": "AUTO", "bbone_rollin": -0.0, "bbone_rollout": -0.0, "bbone_scaleinx": 1.0, "bbone_scaleiny": 1.0, "bbone_scaleoutx": 1.0, "bbone_scaleouty": 1.0, "bbone_segments": 1, "bbone_x": 0.0040000006556510925, "bbone_z": 0.0040000006556510925, "envelope_distance": 0.00871432013809681, "envelope_weight": 1.0, "head": [-0.08726327121257782, 0.0017039179801940918, 0.22686944901943207], "head_local": [-0.08726327121257782, 0.0017039179801940918, 0.22686944901943207], "head_radius": 0.0034857343416661024, "hide": false, "hide_select": false, "inherit_scale": "FULL", "length": 0.03485741466283798, "matrix": [[0.9946957230567932, 0.09702888131141663, 0.03414391726255417], [-0.030012929812073708, 0.5912745594978333, -0.805911660194397], [-0.09838514029979706, 0.8006120920181274, 0.5910504460334778]], "matrix_local": [[0.9946957230567932, 0.09702888131141663, 0.03414391726255417, -0.08726327121257782], [-0.030012929812073708, 0.5912745594978333, -0.805911660194397, 0.0017039179801940918], [-0.09838514029979706, 0.8006120920181274, 0.59105044603347